image_width: 240
image_height: 180
camera_name: Simu_davis_240C_left
camera_matrix:
  rows: 3
  cols: 3
  data: [265.6617933577017, 0.0, 319.8698844146049, 0.0, 266.4702545643292, 180.63605031607855, 0.0, 0.0, 1.0]
distortion_model: plumb_bob
distortion_coefficients:
  rows: 1
  cols: 4
  data: [-0.04867745073293897,0.0052858224680968986,0.0016546116503430917,-0.001579329825361699]
rectification_matrix:
  rows: 3
  cols: 3
  data: [0.9986274069896482, -0.010383584039543734, -0.051336957366261864, 0.010189520908892828, 0.9999399223331144, -0.004040468796122176, 0.05137582770894198, 0.00351182387641161, 0.9986732155316284]
projection_matrix:
  rows: 3
  cols: 4
  data: [282.23662700859296, 0.0, 363.8335266113281, 0.0, 0.0,  282.23662700859296,182.35732650756836, 0.0, 0.0, 0.0, 1.0, 0.0]
T_right_left:
  rows: 3
  cols: 4
  data: [0.9999933400108613, -0.0005954980503406353, 0.00360073825678837,0.1199440,
 	0.0006044980356631945, 0.9999966950053899, -0.002498911847602605,-0.0001107,
	 -0.00359923825923461, 0.00250107184408002, 0.9999903950156641,0.0001647]
