image_width: 240
image_height: 180
camera_name: Simu_davis_240C_right
camera_matrix:
  rows: 3
  cols: 3
  data: [267.60668618532145, 0.0, 320.7018907776602, 0.0, 267.90416765498793, 180.68850568967753, 0.0, 0.0, 1.0]
distortion_model: plumb_bob
distortion_coefficients:
  rows: 1
  cols: 4
  data: [-0.017525122459573196,-0.007774239655712619,0.0005472839049417944,0.002337754231332671]
rectification_matrix:
  rows: 3
  cols: 3
  data: [0.9978075964727072, -0.010445465493588098, -0.065535206708269911, 0.0106923899994169296, 0.9999369528297366, 0.003429746591440086, 0.06531212152012605, -0.0041209969914315706, 0.9978563745180651]
projection_matrix:
  rows: 3
  cols: 4
  data: [282.23662700859296, 0.0, 363.8335266113281, -32.83865135852499, 0.0, 282.23662700859296, 182.35732650756836, 0.0, 0.0, 0.0, 1.0, 0.0]
T_right_left:
  rows: 3
  cols: 4
  data: [0.9999933400108613, -0.0005954980503406353, 0.00360073825678837,0.1199440,
 	0.0006044980356631945, 0.9999966950053899, -0.002498911847602605,-0.0001107,
	 -0.00359923825923461, 0.00250107184408002, 0.9999903950156641,0.0001647]
